27,11
27,9
27,8
27,6
27,4
27,3
27,1
26,8
26,6
26,4
26,3
26,1
25,6
25,4
25,2
25,1
24,4
24,3
24,1
23,6
23,4
23,2
23,1
22,14
22,13
22,11
22,9
22,8
22,6
22,5
22,3
22,2
21,7
21,5
21,4
21,2
21,1
20,4
20,2
20,1
19,7
19,6
19,4
19,3
19,1
18,9
18,8
18,6
18,5
18,3
18,1
17,6
17,4
17,3
17,1
16,14
16,12
16,10
16,9
16,7
16,6
16,4
16,2
16,1
15,7
15,6
15,4
15,2
15,1
14,4
14,3
14,1
13,13
13,11
13,9
13,8
13,6
13,5
13,3
13,1
12,7
12,5
12,4
12,2
12,1
11,5
11,3
11,2
10,4
10,3
10,1
9,8
9,7
9,5
9,4
9,2
9,1
8,6
8,4
8,3
8,1
7,9
7,7
7,5
7,4
7,2
7,1
6,4
6,2
6,1
5,5
5,4
5,2
5,1
4,3
2,146
2,144
2,143
2,141
2,140
2,138
2,136
2,135
2,133
2,132
2,130
2,129
2,127
2,125
2,124
2,122
2,121
2,119
2,117
2,116
2,114
2,113
2,111
2,110
2,108
2,106
2,105
2,103
2,102
2,100
2,98
2,97
2,95
2,94
2,92
2,90
2,89
2,87
2,86
2,84
2,83
2,81
2,79
2,78
2,76
2,75
2,73
2,71
2,70
2,68
2,67
2,65
2,64
2,34
2,32
2,31
2,29
2,28
2,26
2,24
2,23
2,21
2,20
2,18
2,17
2,15
2,13
2,12
2,10
2,9
2,7
2,5
2,4
2,3
2,2
2,0
1,6
1,5
1,3
1,0
0,511
0,510
0,508
0,506
0,495
0,462
0,460
0,381
0,380
0,377
0,373
0,372
0,369
0,368
0,364
0,363
0,336
0,322
0,320
0,9
0,1
27,12
27,14
27,17
28,1
28,4
28,5
29,2
29,5
29,6
30,1
30,3
30,6
30,9
31,1
31,4
31,6
31,9
31,10
31,14
31,17
31,18
31,22
32,1
32,4
33,3
33,4
34,2
34,4
35,2
35,4
36,2
36,5
37,2
37,5
38,1
38,4
38,8
38,9
38,12
38,14
38,17
39,1
39,4
39,7
39,9
40,1
40,2
40,6
40,9
40,10
40,13
40,15
41,3
41,6
41,8
41,11
41,13
42,1
42,3
42,6
43,2
43,3
43,7
43,8
43,11
43,15
43,16
43,19
43,21
43,24
44,1
44,4
44,7
45,2
45,5
45,6
46,2
46,6
46,7
46,10
47,1
47,4
47,6
48,3
48,6
48,8
48,11
48,12
48,16
49,3
49,4
49,8
49,9
49,12
49,15
49,17
50,3
50,5
51,2
51,4
51,7
52,3
52,4
53,2
53,3
54,1
54,5
55,1
55,4
56,2
56,5
56,7
57,3
58,3
58,5
58,8
58,9
58,13
58,16
59,1
59,4
59,6
60,3
60,5
60,8
61,1
61,3
61,6
61,7
61,11
62,3
62,4
63,3
63,4
64,1
64,3
64,6
64,9
65,1
65,4
65,6
65,9
65,12
65,14
65,17
66,1
66,4
67,3
67,4
68,2
68,4
69,1
69,3
69,6
70,3
70,5
70,8
71,1
71,5
72,2
72,3
73,1
73,3
74,2
74,4
75,2
75,5
76,2
76,5
76,7
76,10
77,2
77,3
78,1
78,2
78,5
79,2
79,5
79,8
79,10
80,2
80,4
81,2
81,5
81,7
81,10
81,11
82,3
83,2
83,3
83,6
83,8
83,11
83,13
84,3
85,2
85,4
86,2
86,3
86,7
86,10
86,11
87,3
87,4
88,2
88,4
88,7
88,10
89,1
89,4
89,6
89,9
90,2
90,3
90,7
90,8
90,11
91,2
91,5
92,3
92,5
92,8
93,2
93,5
93,8
94,1
94,4
94,5
95,2
95,3
95,6
96,2
96,4
97,2
97,4
97,7
97,10
98,1
98,4
98,5
99,3
100,1
100,2
100,6
100,7
100,10
101,2
101,5
102,3
102,5
102,8
102,10
103,3
104,1
104,2
104,6
104,7
104,10
105,1
105,4
106,2
106,4
106,7
106,9
107,2
107,5
108,2
108,5
108,6
108,10
109,1
109,4
109,7
109,9
109,12
110,1
110,4
111,2
111,4
112,3
112,4
112,8
113,1
113,2
113,6
113,7
113,10
113,12
113,15
114,2
114,4
115,1
115,3
116,1
116,4
116,6
116,9
116,10
117,3
117,5
118,1
118,4
118,6
119,1
119,3
119,6
119,9
119,11
119,14
120,1
120,5
120,6
120,9
120,12
121,2
121,5
121,7
122,2
122,5
122,7
122,10
122,12
122,15
123,2
123,3
124,1
124,2
124,5
124,7
124,10
124,13
124,15
125,2
125,4
126,1
126,4
126,6
127,3
127,4
128,1
128,3
128,6
129,3
129,5
129,8
130,2
130,5
130,8
131,1
131,4
131,5
132,3
132,4
132,7
133,2
133,3
133,6
133,8
133,11
133,14
133,16
133,19
134,1
134,4
134,5
135,1
135,5
136,1
136,4
136,6
137,2
137,5
137,7
138,3
138,5
139,3
139,6
139,8
140,3
140,4
140,8
140,9
141,1
141,4
141,6
141,9
141,11
142,1
142,4
142,6
143,3
143,4
143,8
143,9
144,2
145,1
145,2
145,5
145,7
145,10
145,13
146,2
146,5
147,2
147,5
147,6
147,10
147,13
148,1
148,4
148,6
148,9
148,12
148,14
149,3
149,5
149,8
149,11
149,13
150,2
150,3
150,7
150,8
150,11
151,1
151,3
151,6
151,8
151,11
151,14
152,1
152,4
152,6
152,9
152,10
152,13
153,2
153,3
153,6
153,8
153,11
153,14
154,1
154,4
154,6
154,9
154,10
155,1
155,4
155,5
155,8
155,10
155,13
156,1
156,3
156,6
156,8
156,11
156,12
157,2
157,5
157,6
157,10
157,11
158,1
158,5
158,6
158,9
158,11
158,14
158,17
159,2
159,5
159,7
159,10
159,11
160,1
160,5
160,6
160,9
160,11
160,14
161,3
161,5
162,3
162,5
163,3
163,4
164,3
164,6
164,7
164,11
164,12
164,15
164,18
164,20
165,1
165,3
166,1
166,3
166,6
166,9
166,10
167,4
167,5
167,8
168,2
168,3
169,3
170,2
171,2
172,2
173,1
174,1
174,3
175,3
176,1
177,1
178,2
178,3
179,3
180,2
181,2
182,2
183,1
184,1
184,3
185,3
186,1
187,2
188,2
188,3
190,1
190,2
191,2
191,5
192,2
192,5
192,7
193,3
193,5
194,3
194,6
194,7
195,3
196,1
197,1
198,2
198,3
199,3
200,2
201,2
202,1
203,1
204,1
204,3
205,3
206,1
207,2
208,2
208,3
209,3
210,2
211,2
212,2
213,0
213,3
214,0
214,3
215,0
215,3
216,1
216,3
217,2
217,3
218,2
218,5
218,7
218,10
218,11
218,15
219,0
219,3
219,6
219,7
220,0
220,2
220,5
221,0
221,2
221,5
221,7
222,0
222,2
222,5
223,2
223,3
223,6
223,8
224,0
224,3
224,4
224,7
224,9
224,12
225,0
225,1
225,5
225,6
226,0
226,1
226,4
227,0
227,2
227,5
227,6
228,1
228,4
228,6
228,9
228,11
228,14
228,15
228,18
228,22
228,23
229,0
229,1
229,5
230,0
230,2
230,5
230,6
230,10
230,11
231,2
231,5
231,7
231,10
231,11
231,14
231,18
231,19
232,0
232,1
232,5
233,0
233,2
233,5
234,0
234,2
234,4
235,0
235,2
235,4
235,7
236,0
236,3
236,7
237,0
237,3
237,4
237,7
237,9
237,12
237,15
237,17
237,20
237,22
237,25
238,0
238,2
238,5
239,0
239,2
239,4
240,2
240,5
240,6
240,9
240,11
241,1
241,4
241,5
242,1
242,3
242,6
242,7
243,2
243,5
244,0
244,2
244,4
244,7
245,0
245,1
245,4
245,6
246,2
246,5
246,6
246,9
247,0
247,3
247,4
248,0
248,3
248,5
248,8
248,9
248,12
249,2
249,4
250,0
250,2
250,5
251,0
251,3
251,6
251,8
251,11
252,0
252,3
252,6
253,0
253,4
253,5
253,8
254,0
254,4
254,7
254,8
255,0
255,1
255,5
256,0
256,2
256,5
257,0
257,3
257,6
258,0
258,2
258,4
258,7
258,9
259,0
259,4
259,5
260,2
260,3
260,6
261,2
261,4
262,0
262,1
262,4
262,6
263,1
263,4
263,6
264,2
264,3
264,6
265,2
265,3
265,7
265,8
265,11
265,13
265,16
266,1
266,2
266,5
266,7
267,2
267,5
267,6
268,2
268,4
268,7
269,0
269,3
269,6
269,8
269,11
269,12
269,16
269,19
269,20
269,24
269,25
270,2
270,5
270,6
271,2
271,4
271,7
272,0
272,3
272,6
273,0
273,3
273,5
273,8
273,11
273,13
273,16
273,18
273,21
273,22
273,25
274,1
274,3
274,6
275,0
275,3
275,6
276,0
276,2
276,4
277,0
277,1
277,4
277,7
278,0
278,4
278,5
278,8
278,12
278,13
278,16
278,18
278,21
278,24
278,26
279,0
279,1
279,4
279,6
280,1
280,4
280,6
280,9
281,0
281,3
281,7
281,8
281,11
281,13
281,16
281,18
281,21
282,1
282,3
283,0
283,1
283,4
284,1
284,3
285,0
285,1
285,4
285,5
285,9
285,12
285,13
285,17
285,18
286,2
286,5
286,6
286,10
286,11
287,1
287,2
287,6
287,9
287,10
288,1
288,2
288,6
289,0
289,2
289,5
289,7
290,1
290,4
290,6
291,0
291,1
291,4
291,6
291,9
292,1
292,2
292,5
292,7
292,10
292,13
292,15
292,18
292,20
292,23
292,24
293,1
293,4
293,6
294,0
294,2
294,5
294,8
294,10
294,13
294,15
294,18
294,19
294,22
295,2
295,4
296,0
296,2
296,5
296,8
296,10
296,13
296,15
296,18
297,0
297,2
297,5
298,0
298,3
298,5
299,1
299,5
299,6
300,2
300,3
301,0
301,3
301,5
302,0
302,2
302,5
302,7
302,10
302,13
303,0
303,3
303,5
304,0
304,3
304,5
304,8
304,10
304,13
305,0
305,3
305,6
306,0
306,2
306,4
307,1
307,4
307,5
307,9
307,10
307,13
308,2
308,3
308,7
308,8
309,2
309,3
309,7
310,1
310,3
310,6
310,7
311,0
313,0
314,0
316,0
317,0
319,0
320,0
322,0
324,0
325,0
327,0
328,0
330,0
332,0
333,0
335,0
336,0
338,0
339,0
341,0
343,0
344,0
346,0
347,0
349,0
351,0
352,0
354,0
355,0
357,0
358,0
360,0
362,0
363,0
365,0
366,0
368,0
370,0
371,0
373,0
374,0
376,0
378,0
379,0
381,0
382,0
384,0
385,0
387,0
389,0
390,0
392,0
393,0
395,0
397,0
398,0
400,0
401,0
403,0
404,0
406,0
408,0
409,0
411,0
412,0
414,0
416,0
417,0
419,0
420,0
422,0
423,0
425,0
427,0
428,0
430,0
431,0
433,0
435,0
436,0
438,0
439,0
440,0
437,0
434,0
432,0
429,0
426,0
424,0
421,0
418,0
415,0
413,0
410,0
407,0
405,0
402,0
399,0
396,0
394,0
391,0
388,0
386,0
383,0
380,0
377,0
375,0
372,0
369,0
367,0
364,0
361,0
359,0
356,0
353,0
350,0
348,0
345,0
342,0
340,0
337,0
334,0
331,0
329,0
326,0
323,0
321,0
318,0
315,0
312,0
310,9
310,4
310,0
309,5
309,0
308,5
308,0
307,12
307,7
307,2
307,0
306,1
305,5
305,2
304,11
304,7
304,2
303,6
303,1
302,11
302,8
302,3
301,6
301,1
300,5
300,0
299,3
299,0
298,2
297,3
296,19
296,16
296,11
296,7
296,3
295,5
295,0
294,21
294,16
294,11
294,7
294,3
293,7
293,3
293,0
292,21
292,16
292,12
292,9
292,4
292,0
291,7
291,3
290,8
290,3
290,0
289,3
288,7
288,4
288,0
287,7
287,4
287,0
286,8
286,3
286,0
285,15
285,10
285,7
285,2
284,4
284,0
283,3
282,5
282,0
281,19
281,14
281,10
281,5
281,2
280,8
280,3
280,0
279,3
278,27
278,23
278,19
278,15
278,10
278,7
278,2
277,6
277,3
276,6
276,1
275,5
275,1
274,4
274,0
273,24
273,19
273,14
273,10
273,6
273,2
272,5
272,1
271,5
271,0
270,3
270,0
269,22
269,17
269,14
269,9
269,4
269,1
268,5
268,0
267,3
267,0
266,4
266,0
265,15
265,10
265,5
265,0
264,5
264,0
263,3
263,0
262,2
261,5
261,0
260,5
260,0
259,2
258,10
258,6
258,1
257,5
257,2
256,3
255,6
255,3
254,10
254,5
254,2
253,7
253,2
252,5
252,2
251,10
251,5
251,2
250,3
249,5
249,0
248,11
248,6
248,1
247,6
247,1
246,8
246,3
246,0
245,3
244,9
244,5
244,1
243,4
243,0
242,4
242,0
241,2
241,0
240,8
240,3
240,0
239,1
238,4
237,26
237,23
237,19
237,14
237,11
237,6
237,1
236,5
236,2
235,6
235,1
234,5
234,1
233,3
232,6
232,3
231,21
231,16
231,13
231,8
231,3
231,0
230,8
230,3
229,6
229,3
228,25
228,20
228,17
228,12
228,7
228,3
228,0
227,3
226,6
226,3
225,8
225,3
224,14
224,11
224,6
224,1
223,10
223,5
223,0
222,3
221,8
221,4
220,6
220,3
219,9
219,4
219,1
218,13
218,8
218,3
218,0
217,0
216,0
215,1
214,1
213,1
212,1
211,1
209,2
207,3
206,3
205,1
203,2
202,2
201,1
199,2
197,3
196,3
195,1
194,4
194,1
193,1
192,4
191,4
191,1
189,2
187,3
186,3
185,1
183,3
182,1
181,1
179,2
177,3
176,3
175,1
173,2
172,1
170,3
169,2
167,10
167,7
167,2
166,7
166,4
165,4
164,22
164,17
164,14
164,9
164,4
164,1
163,1
162,1
161,2
160,13
160,8
160,3
159,13
159,8
159,3
158,16
158,12
158,8
158,3
157,13
157,8
157,3
156,14
156,9
156,5
155,15
155,12
155,7
155,2
154,12
154,7
154,2
153,13
153,10
153,5
152,15
152,12
152,7
152,2
151,13
151,9
151,5
150,13
150,10
150,5
149,14
149,9
149,6
149,2
148,11
148,8
148,3
147,11
147,8
147,3
146,3
145,12
145,8
145,4
144,4
144,1
143,6
143,1
142,3
141,12
141,8
141,3
140,11
140,6
140,1
139,4
139,1
138,2
137,4
137,1
136,3
135,3
134,7
134,2
133,17
133,13
133,9
133,5
132,9
132,6
132,1
131,2
130,7
130,3
129,7
129,2
128,5
127,6
127,1
126,2
125,5
124,16
124,12
124,9
124,4
123,5
122,16
122,13
122,8
122,4
121,8
121,4
120,11
120,8
120,3
119,12
119,7
119,4
118,8
118,3
117,7
117,2
116,7
116,2
115,4
114,5
114,1
113,14
113,9
113,4
112,9
112,6
112,1
111,1
110,2
109,11
109,6
109,3
108,8
108,3
107,3
106,10
106,6
106,1
105,3
104,9
104,4
103,4
103,1
102,6
102,2
101,3
100,9
100,4
99,4
99,1
98,2
97,9
97,5
97,1
96,1
95,5
94,7
94,2
93,6
93,3
92,6
92,2
91,4
90,10
90,5
89,10
89,7
89,2
88,9
88,5
88,1
87,1
86,8
86,5
85,5
84,4
84,1
83,10
83,5
82,5
82,2
81,8
81,3
80,5
79,11
79,7
79,4
78,4
77,5
76,11
76,8
76,3
75,4
74,5
74,1
72,5
71,6
71,3
70,6
70,1
69,4
68,6
68,1
67,1
66,3
65,15
65,10
65,7
65,2
64,8
64,4
63,6
63,1
62,1
61,9
61,4
60,10
60,6
60,2
59,3
58,14
58,11
58,6
58,1
57,1
56,3
55,3
54,3
53,5
52,6
52,1
51,5
50,6
50,2
49,14
49,11
49,6
49,1
48,14
48,9
48,5
48,1
47,3
46,9
46,4
46,1
45,3
44,5
44,2
43,22
43,18
43,13
43,10
43,5
42,7
42,4
41,14
41,10
41,5
41,2
40,12
40,7
40,4
39,10
39,5
39,2
38,16
38,11
38,6
38,3
37,3
36,3
35,5
34,5
34,1
33,1
32,3
31,20
31,15
31,12
31,7
31,3
30,8
30,5
29,8
29,3
28,7
28,2
27,15
0,317
0,316
0,315
0,314
0,313
0,312
0,311
0,356
0,355
0,383
0,382
0,366
0,365
0,339
0,375
0,376
0,378
0,371
0,300
0,299
0,298
0,297
0,296
0,295
0,294
0,293
0,292
0,291
0,290
0,289
0,288
0,287
0,286
0,285
0,284
0,283
0,282
0,281
0,280
0,279
0,278
0,277
0,276
0,275
0,274
0,273
0,272
0,271
0,270
0,269
0,268
0,267
0,266
0,265
0,264
0,263
0,262
0,261
0,260
0,259
0,258
0,257
0,256
0,255
0,254
0,253
0,252
0,251
0,250
0,249
0,248
0,247
0,246
0,245
0,244
0,242
0,241
0,240
0,239
0,238
0,237
0,236
0,235
0,234
0,233
0,232
0,231
0,230
0,229
0,228
0,227
0,226
0,225
0,224
0,223
0,222
0,221
0,220
0,219
0,218
0,217
0,216
0,215
0,214
0,213
0,212
0,211
0,210
0,209
0,208
0,207
0,206
0,205
0,204
0,203
0,202
0,201
0,200
0,199
0,198
0,197
0,196
0,195
0,194
0,193
0,192
0,63
0,62
0,61
